0 0 256 0 0
50 40 2304 0 0
50 40 2304 0 0
50 40 2816 0 0
50 40 1280 0 0
50 40 512 0 0
50 40 0 0 0
50 40 0 0 0
50 40 0 0 0
50 40 -512 0 0
50 40 -768 0 0
50 40 -1536 0 0
50 40 -1280 0 0
50 40 -256 0 0
50 40 256 0 0
50 40 512 0 0
50 40 0 0 0
50 40 256 0 0
50 40 0 0 0
50 40 0 0 0
50 40 0 0 0
50 40 0 0 0
50 40 256 0 0
50 40 256 0 0
50 40 512 0 0
50 40 256 0 0
50 40 256 0 0
50 40 768 0 0
50 40 512 0 0
50 40 0 0 0
50 40 0 0 0
50 40 0 0 0
50 40 0 1 0
50 40 0 1 0
50 40 -256 1 0
50 40 -768 0 0
50 40 -768 0 0
50 40 -256 0 0
50 40 0 0 0
50 40 0 0 0
50 40 0 0 0
50 40 0 0 0
50 40 0 0 0
50 40 0 0 0
50 40 0 0 0
50 40 0 0 0
50 40 0 0 0
50 40 0 0 0
50 40 256 0 0
50 40 256 0 0
50 40 768 0 0
50 40 768 0 0
50 40 1536 0 0
50 40 1024 0 0
50 40 256 0 0
50 40 512 0 0
50 40 256 0 0
50 40 512 0 0
50 40 768 0 0
50 40 1024 0 0
50 40 768 0 0
50 40 512 0 0
50 40 768 0 0
50 40 512 0 0
50 40 768 0 0
50 40 768 0 0
50 40 0 0 0
50 40 256 0 0
50 40 1024 0 0
50 40 1792 0 0
50 40 1280 0 0
50 40 1536 0 0
50 40 768 0 0
50 40 256 0 0
50 40 0 0 0
0 40 0 0 0
0 40 -512 0 0
0 40 -1024 0 0
0 -40 -2048 2 0
0 -40 -768 2 0
-50 -40 -256 2 0
-50 -40 0 2 0
-50 -40 0 2 0
-50 -40 0 0 0
-50 -40 0 0 0
0 -40 0 0 0
0 -40 0 0 0
0 0 0 0 0
0 0 0 0 0
0 0 0 0 0
0 0 0 0 0
0 0 768 0 0
0 0 768 0 0
0 0 512 0 0
0 0 512 0 0
0 0 0 0 0
0 0 0 0 0
0 0 0 0 0
0 0 0 0 0
0 0 0 0 0
50 40 -256 0 0
50 40 0 0 0
50 40 -256 0 0
50 40 0 0 0
50 40 -256 0 0
50 40 0 0 0
50 40 0 0 0
50 40 256 0 0
50 40 512 0 0
50 40 512 0 0
50 40 768 0 0
50 40 768 0 0
50 40 512 0 0
50 40 512 0 0
50 40 512 0 0
50 40 256 0 0
50 40 256 0 0
50 40 0 0 0
50 40 256 0 0
50 40 0 0 0
50 40 256 0 0
50 40 256 0 0
50 40 0 0 0
50 40 256 0 0
50 40 256 0 0
50 40 256 0 0
50 40 256 0 0
50 40 256 0 0
50 40 768 0 0
50 40 256 0 0
50 40 0 0 0
50 40 256 0 0
50 40 512 0 0
50 40 0 0 0
50 40 256 0 0
50 40 256 0 0
50 40 256 0 0
50 40 256 0 0
50 0 0 0 0
50 0 256 0 0
0 -40 0 2 0
-50 -40 0 2 0
-50 -40 0 2 0
-50 -40 0 2 0
-50 -40 0 2 0
-50 -40 512 2 0
-50 -40 0 0 0
0 0 0 0 0
0 0 0 0 0
0 0 0 0 0
0 0 0 0 0
0 0 0 0 0
0 0 0 0 0
0 0 0 0 0
0 0 0 0 0
0 0 256 0 0
0 0 0 0 0
0 0 0 0 0
0 0 256 0 0
0 0 256 0 0
0 0 512 0 0
50 0 256 0 0
50 0 256 0 0
50 0 0 0 0
50 0 256 0 0
50 0 0 0 0
50 40 0 0 0
50 40 0 0 0
50 40 0 0 0
50 40 0 0 0
50 40 0 0 0
50 40 -512 0 0
50 40 -1280 0 0
50 40 -1280 0 0
50 40 -1024 0 0
50 40 -256 0 0
50 40 -256 0 0
50 40 -256 0 0
50 40 0 0 0
50 40 -256 0 0
50 40 -512 0 0
50 40 -768 0 0
50 40 -768 0 0
50 40 -512 0 0
50 40 -1280 0 0
50 40 -1280 0 0
50 40 -1280 0 0
50 40 0 0 0
50 40 0 0 0
50 40 256 0 0
50 40 256 0 0
50 40 512 0 0
50 40 256 0 0
50 40 768 0 0
50 40 256 0 0
50 40 256 0 0
50 40 768 0 0
50 40 768 0 0
50 40 512 0 0
50 40 256 0 0
50 40 1536 0 0
50 40 1792 0 0
50 40 3072 0 0
50 40 4096 0 0
50 40 1792 0 0
50 40 1536 0 0
50 40 1024 0 0
50 40 1024 0 0
50 40 256 0 0
50 40 0 0 0
50 40 0 0 0
50 40 -512 0 0
50 40 -256 0 0
50 40 0 0 0
50 40 512 0 0
50 40 512 0 0
50 40 1024 0 0
50 40 512 0 0
50 40 512 0 0
50 40 0 0 0
50 40 0 0 0
50 40 256 0 0
50 40 -256 0 0
50 40 -1024 0 0
50 40 -1280 0 0
50 40 -3328 0 0
50 40 -1280 0 0
50 40 256 0 0
50 40 512 0 0
50 40 768 0 0
50 40 768 0 0
50 40 0 0 0
50 40 256 2 0
50 -40 1280 2 0
50 -40 1280 2 0
50 -40 768 2 0
50 -40 256 2 0
50 -40 0 0 0
50 -40 0 0 0
50 0 0 0 0
0 0 0 0 0
0 0 0 0 0
0 0 0 0 0
0 0 0 0 0
0 0 0 0 0
0 0 -256 0 0
0 0 0 0 0
0 0 0 0 0
0 0 0 0 0
0 0 0 0 0
0 0 0 0 0
0 0 0 0 0
0 0 -512 0 0
0 0 256 0 0
50 -40 -256 0 0
50 -40 -256 0 0
50 -40 -768 0 0
50 -40 -512 0 0
50 -40 -512 0 0
50 -40 -1536 0 0
50 -40 -1792 0 0
50 -40 -1536 0 0
50 -40 -1280 0 0
50 -40 -2560 0 0
50 -40 -1536 0 0
50 -40 -1024 0 0
50 -40 -2304 0 0
50 -40 -1792 0 0
50 -40 -1024 0 0
50 -40 0 0 0
50 -40 -256 0 0
50 -40 256 0 0
50 -40 1280 0 0
50 -40 1280 0 0
50 -40 512 0 0
50 -40 1792 0 0
50 0 1280 0 0
50 0 512 0 0
50 0 0 2 0
